0.018904 46
0.000290 33
1.177229 1
0.219885 1
0.152093 1
0.210234 1
1.477245 1
0.559723 1
0.126235 1
0.215798 1
0.190500 1
0.225865 1
0.440366 64
0.000025 8
0.000013 25
0.627631 1
0.252861 1
0.183948 1
0.187551 1
0.241492 1
0.346723 1
0.172020 1
0.132709 1
0.468614 1
0.150145 1
0.564246 18
0.000046 46
0.000041 33
0.828326 1
0.204653 1
0.127382 1
0.167983 1
0.156363 1
0.283066 1
0.623708 4
0.323254 1
0.106666 1
0.235429 1
0.182375 1
0.238264 1
0.474606 1
0.236492 1
0.167420 1
0.091014 1
0.299129 1
0.689076 4
0.305885 1
0.103758 1
1.338736 103
2.468243 1
0.234120 1
0.147733 1
0.174261 1
0.760517 17
